Episode,Reward,Length
1,6.5000001192092896,10
2,7.0000001192092896,9
3,6.333333373069763,11
4,3.833333373069763,6
5,3.5000000596046448,6
6,3.833333432674408,6
7,5.666666746139526,7
8,2.1666666865348816,3
9,9.333333492279053,15
10,3.833333373069763,6
11,2.1666666865348816,3
12,7.666666865348816,12
13,3.6666667461395264,6
14,5.500000059604645,9
15,5.333333432674408,8
16,23.833333790302277,36
17,8.833333432674408,12
18,7.166666805744171,11
19,25.500000298023224,24
20,4.500000059604645,7
21,2.1666666865348816,3
22,2.333333373069763,4
23,2.333333373069763,3
24,2.833333373069763,4
25,3.6666666865348816,6
26,6.333333432674408,10
27,6.333333432674408,10
28,3.6666666865348816,6
29,7.000000059604645,12
30,4.666666746139526,7
31,7.833333432674408,13
32,4.666666746139526,7
33,17.00000023841858,22
34,2.333333373069763,3
35,10.333333551883698,16
36,13.00000011920929,22
37,9.333333492279053,15
38,4.333333373069763,7
39,5.333333373069763,9
40,8.833333432674408,14
41,4.166666746139526,7
42,1.6666666865348816,2
43,10.50000011920929,18
44,8.666666805744171,14
45,4.000000059604645,6
46,4.000000059604645,7
47,20.000000298023224,29
48,2.833333373069763,4
49,5.166666746139526,7
50,3.833333373069763,6
51,2.333333373069763,3
52,3.6666666865348816,6
53,10.000000238418579,15
54,1.6666666865348816,2
55,8.000000059604645,14
56,1.6666666865348816,2
57,5.166666746139526,8
58,6.666666805744171,9
59,11.166666805744171,19
60,2.833333373069763,4
61,2.833333373069763,4
62,4.166666746139526,7
63,1.6666666865348816,2
64,9.833333492279053,15
65,7.833333492279053,12
66,8.00000011920929,13
67,6.166666746139526,10
68,5.500000059604645,10
69,6.0000001192092896,9
70,1.6666666865348816,2
71,7.0000001192092896,11
72,5.500000059604645,9
73,13.666666746139526,6
74,7.5000001192092896,11
75,7.666666746139526,13
76,2.333333373069763,3
77,3.0000000596046448,5
78,1.6666666865348816,2
79,6.0000001192092896,9
80,9.50000011920929,15
81,3.5000000596046448,5
82,4.000000059604645,6
83,7.0000001192092896,11
84,3.833333373069763,5
85,7.333333432674408,11
86,1.6666666865348816,2
87,2.333333373069763,3
88,5.333333432674408,7
89,9.166666805744171,15
90,6.833333492279053,10
91,3.5000000596046448,5
92,7.666666805744171,11
93,2.1666666865348816,3
94,7.0000001192092896,9
95,7.333333492279053,11
96,8.500000178813934,13
97,5.166666686534882,9
98,2.333333373069763,3
99,9.50000011920929,13
100,1.6666666865348816,2
101,11.333333551883698,19
102,2.6666666865348816,4
103,7.333333432674408,12
104,4.000000059604645,5
105,10.833333432674408,16
106,11.833333611488342,18
107,7.666666805744171,11
108,2.833333373069763,4
109,3.333333373069763,4
110,2.1666666865348816,3
111,8.833333492279053,13
112,6.000000059604645,7
113,5.333333373069763,6
114,1.6666666865348816,2
115,1.6666666865348816,2
116,5.000000059604645,8
117,4.166666746139526,6
118,4.500000059604645,7
119,4.500000059604645,6
120,2.6666666865348816,4
121,8.00000011920929,13
122,5.000000059604645,8
123,3.333333373069763,5
124,1.6666666865348816,2
125,3.5000000596046448,5
126,11.666666746139526,21
127,2.333333373069763,3
128,2.333333373069763,4
129,8.00000011920929,14
130,5.000000059604645,8
131,2.833333373069763,4
132,1.6666666865348816,2
133,2.1666666865348816,3
134,2.1666666865348816,3
135,9.666666805744171,17
136,7.333333432674408,13
137,8.666666746139526,14
138,9.500000178813934,16
139,3.5000000596046448,5
140,5.666666746139526,9
141,3.6666667461395264,6
142,5.833333432674408,8
143,6.333333432674408,10
144,2.333333373069763,3
145,5.000000059604645,8
146,2.833333373069763,4
147,4.666666746139526,6
148,3.833333373069763,6
149,2.833333373069763,4
150,1.6666666865348816,2
151,6.000000059604645,7
152,6.5000001192092896,10
153,5.0000001192092896,8
154,1.6666666865348816,2
155,5.000000059604645,9
156,3.5000000596046448,5
157,9.000000059604645,13
158,2.833333373069763,4
159,2.333333373069763,3
160,3.5000000596046448,5
161,12.666666865348816,20
162,3.5000000596046448,5
163,5.833333492279053,9
164,1.6666666865348816,2
165,8.00000011920929,14
166,19.833333551883698,15
167,7.333333492279053,12
168,6.333333373069763,11
169,1.6666666865348816,2
170,6.166666805744171,9
171,1.6666666865348816,2
172,3.833333373069763,6
173,4.000000059604645,5
174,23.16666692495346,21
175,10.500000178813934,17
176,7.0000001192092896,11
177,1.6666666865348816,2
178,5.666666746139526,7
179,2.6666666865348816,4
180,2.1666666865348816,3
181,8.333333432674408,14
182,12.333333551883698,20
183,8.666666805744171,14
184,6.000000059604645,10
185,1.6666666865348816,2
186,5.833333432674408,9
187,11.50000011920929,14
188,7.666666805744171,12
189,2.1666666865348816,3
190,2.1666666865348816,3
191,7.000000178813934,10
192,1.6666666865348816,2
193,4.166666746139526,6
194,3.833333373069763,5
195,8.333333492279053,14
196,3.1666667461395264,5
197,22.66666704416275,35
198,11.16666692495346,17
199,1.6666666865348816,2
200,12.333333611488342,19
201,1.6666666865348816,2
202,4.833333432674408,8
203,4.833333373069763,8
204,3.833333373069763,6
205,3.6666667461395264,5
206,3.333333373069763,5
207,2.833333373069763,4
208,2.6666666865348816,4
209,7.5000001192092896,12
210,3.0000000596046448,4
211,2.1666666865348816,3
212,2.833333373069763,4
213,2.833333373069763,4
214,17.66666680574417,12
215,3.333333373069763,4
216,2.6666666865348816,4
217,1.6666666865348816,2
218,2.6666666865348816,4
219,1.6666666865348816,2
220,8.500000059604645,15
221,8.000000178813934,12
222,1.6666666865348816,2
223,1.6666666865348816,2
224,5.333333373069763,9
225,10.000000178813934,16
226,5.166666746139526,8
227,1.6666666865348816,2
228,3.1666666865348816,5
229,4.833333373069763,8
230,2.6666666865348816,4
231,2.1666666865348816,3
232,8.333333432674408,10
233,2.833333373069763,4
234,4.166666746139526,6
235,5.166666746139526,9
236,4.833333432674408,7
237,5.333333373069763,9
238,2.1666666865348816,3
239,10.166666865348816,16
240,23.66666692495346,21
241,3.0000000596046448,4
242,4.833333432674408,8
243,8.333333432674408,13
244,3.5000000596046448,5
245,3.1666667461395264,5
246,5.833333373069763,10
247,2.833333373069763,5
248,2.833333373069763,4
249,7.666666805744171,12
250,10.833333432674408,18
251,4.833333432674408,7
252,6.833333432674408,11
253,4.666666746139526,7
254,6.000000059604645,7
255,8.166666805744171,12
256,4.666666746139526,7
257,15.000000298023224,23
258,11.000000178813934,18
259,6.166666746139526,10
260,4.833333373069763,8
261,7.833333432674408,13
262,6.500000059604645,11
263,4.000000059604645,5
264,9.500000178813934,16
265,15.666666805744171,26
266,4.000000059604645,5
267,4.500000059604645,6
268,26.666667103767395,44
269,2.6666666865348816,4
270,23.333333551883698,21
271,2.6666666865348816,4
272,1.6666666865348816,2
273,7.5000001192092896,13
274,16.50000035762787,26
275,12.666666865348816,21
276,7.0000001192092896,11
277,2.1666666865348816,3
278,5.333333432674408,8
279,11.500000178813934,18
280,8.333333432674408,11
281,10.000000059604645,18
282,10.833333432674408,18
283,2.833333373069763,4
284,6.333333432674408,10
285,6.500000059604645,11
286,14.666666865348816,24
287,7.166666805744171,12
288,13.166666865348816,22
289,5.333333373069763,9
290,3.333333373069763,5
291,1.8333333730697632,3
292,10.333333551883698,17
293,2.333333373069763,3
294,18.333333611488342,28
295,5.166666746139526,7
296,12.833333492279053,16
297,8.666666805744171,15
298,1.6666666865348816,2
299,2.333333373069763,3
300,4.833333373069763,8
301,8.833333492279053,15
302,18.66666704416275,30
303,6.5000001192092896,9
304,25.66666716337204,41
305,1.6666666865348816,2
306,3.5000000596046448,6
307,8.166666865348816,12
308,2.1666666865348816,3
309,8.333333432674408,14
310,2.833333373069763,4
311,1.6666666865348816,2
312,23.166666984558105,38
313,2.333333373069763,3
314,1.6666666865348816,2
315,6.166666746139526,10
316,28.333333730697632,44
317,4.000000059604645,6
318,2.833333373069763,4
319,12.833333492279053,21
320,3.0000000596046448,4
321,3.833333373069763,6
322,3.6666667461395264,5
323,6.833333432674408,11
324,16.333333611488342,26
325,11.333333432674408,17
326,5.666666746139526,8
327,14.333333492279053,24
328,14.833333551883698,22
329,5.0000001192092896,7
330,3.0000000596046448,4
331,5.666666746139526,9
332,1.6666666865348816,2
333,1.6666666865348816,2
334,15.333333551883698,24
335,4.666666746139526,6
336,2.333333373069763,3
337,7.0000001192092896,10
338,5.333333373069763,9
339,2.333333373069763,4
340,3.6666667461395264,5
341,7.5000001192092896,13
342,1.6666666865348816,2
343,23.333333730697632,34
344,18.833333492279053,34
345,17.833333671092987,29
346,4.500000059604645,7
347,10.166666746139526,17
348,3.0000000596046448,4
349,21.66666680574417,20
350,6.166666746139526,11
351,1.6666666865348816,2
352,3.6666666865348816,6
353,4.833333432674408,8
354,2.833333373069763,4
355,1.6666666865348816,2
356,6.833333373069763,12
357,8.166666805744171,14
358,2.5000000596046448,4
359,3.6666666865348816,6
360,2.833333373069763,4
361,2.1666666865348816,3
362,1.6666666865348816,2
363,13.666666984558105,21
364,4.500000059604645,7
365,6.333333373069763,11
366,4.666666746139526,6
367,4.666666746139526,7
368,16.333333551883698,25
369,7.166666746139526,12
370,3.833333373069763,6
371,8.333333432674408,13
372,1.8333333730697632,3
373,7.0000001192092896,11
374,12.333333492279053,21
375,13.666666865348816,19
376,6.5000001192092896,9
377,8.333333492279053,14
378,6.166666805744171,9
379,5.333333432674408,8
380,7.5000001192092896,11
381,10.000000238418579,14
382,10.166666865348816,15
383,3.5000000596046448,5
384,7.166666746139526,12
385,22.166667103767395,32
386,14.500000178813934,18
387,9.00000011920929,16
388,6.833333432674408,11
389,1.8333333730697632,3
390,10.666666865348816,17
391,7.166666865348816,11
392,2.333333373069763,3
393,5.666666746139526,9
394,13.000000178813934,18
395,1.6666666865348816,2
396,1.6666666865348816,2
397,10.833333492279053,17
398,1.6666666865348816,2
399,2.5000000596046448,4
400,3.833333373069763,6
401,4.000000059604645,7
402,17.66666704416275,28
403,5.500000059604645,7
404,10.333333432674408,19
405,2.833333373069763,4
406,9.166666805744171,16
407,1.6666666865348816,2
408,1.8333333730697632,3
409,8.50000011920929,15
410,7.666666746139526,13
411,5.0000001192092896,8
412,4.333333373069763,7
413,7.333333492279053,12
414,2.1666666865348816,3
415,18.833333551883698,32
416,5.000000059604645,9
417,2.1666666865348816,3
418,5.166666686534882,9
419,15.333333492279053,20
420,4.666666746139526,8
421,9.500000178813934,13
422,6.666666746139526,10
423,15.333333671092987,25
424,11.166666805744171,18
425,21.16666680574417,15
426,15.333333611488342,25
427,5.166666746139526,7
428,21.666667103767395,35
429,13.833333492279053,24
430,3.833333373069763,6
431,6.833333373069763,12
432,14.666666805744171,25
433,5.833333432674408,9
434,10.000000178813934,17
435,8.000000178813934,12
436,19.833333611488342,34
437,6.000000059604645,9
438,12.833333432674408,23
439,2.333333373069763,4
440,8.833333492279053,14
441,2.1666666865348816,3
442,18.50000035762787,29
443,8.333333432674408,15
444,10.000000178813934,15
445,11.833333492279053,18
446,11.166666865348816,19
447,1.8333333730697632,3
448,19.333333551883698,34
449,30.833333790302277,52
450,18.50000023841858,29
451,2.833333373069763,4
452,27.666667103767395,45
453,18.00000023841858,31
454,11.833333492279053,21
455,8.00000011920929,13
456,17.333333611488342,29
457,2.333333373069763,3
458,38.50000047683716,68
459,18.333333611488342,32
460,6.0000001192092896,9
461,24.00000035762787,42
462,11.00000011920929,19
463,15.833333611488342,25
464,17.333333551883698,29
465,28.00000035762787,45
466,7.000000059604645,13
467,7.0000001192092896,12
468,3.833333373069763,5
469,4.500000059604645,7
470,6.333333432674408,11
471,4.000000059604645,7
472,23.66666704416275,40
473,2.6666666865348816,4
474,5.666666805744171,8
475,1.6666666865348816,2
476,3.333333373069763,5
477,11.166666805744171,19
478,4.000000059604645,7
479,13.166666805744171,21
480,34.166667103767395,35
481,2.833333373069763,4
482,9.166666746139526,14
483,4.000000059604645,6
484,9.666666865348816,13
485,40.50000035762787,52
486,2.833333373069763,4
487,4.833333373069763,9
488,4.833333432674408,8
489,3.1666666865348816,5
490,3.1666666865348816,5
491,5.000000059604645,9
492,3.833333373069763,5
493,4.333333373069763,6
494,3.1666667461395264,5
495,5.833333432674408,9
496,1.6666666865348816,2
497,20.500000178813934,17
498,18.00000011920929,11
499,12.50000011920929,22
500,7.000000059604645,12
501,6.5000001192092896,11
502,18.333333611488342,30
503,22.000000417232513,36
504,21.00000023841858,37
505,21.333333671092987,35
506,5.333333373069763,9
507,1.6666666865348816,2
508,12.500000238418579,20
509,10.833333492279053,16
510,12.000000178813934,20
511,10.166666805744171,13
512,6.000000059604645,10
513,32.66666692495346,33
514,28.166667103767395,47
515,37.66666716337204,67
516,8.333333432674408,14
517,58.33333432674408,100
518,21.166666865348816,18
519,13.833333432674408,25
520,5.333333432674408,9
521,10.666666865348816,16
522,36.5000005364418,62
523,14.166666865348816,24
524,24.500000417232513,37
525,19.16666680574417,35
526,13.833333432674408,26
527,5.166666746139526,8
528,68.00000089406967,98
529,17.333333492279053,26
530,13.500000298023224,22
531,14.833333432674408,27
532,15.500000238418579,26
533,19.50000035762787,32
534,20.000000178813934,14
535,9.666666746139526,14
536,10.00000011920929,17
537,4.500000059604645,7
538,56.333334028720856,100
539,7.000000059604645,12
540,13.666666805744171,24
541,10.166666805744171,14
542,10.333333492279053,18
543,16.833333611488342,27
544,19.166666746139526,12
545,33.500000298023224,39
546,30.66666704416275,49
547,2.833333373069763,4
548,5.333333432674408,8
549,18.16666680574417,14
550,6.333333432674408,9
551,36.333333909511566,61
552,13.166666984558105,21
553,14.333333432674408,27
554,19.16666704416275,30
555,42.00000047683716,74
556,44.00000041723251,53
557,5.333333373069763,9
558,1.6666666865348816,2
559,57.00000083446503,96
560,20.500000298023224,35
561,33.50000023841858,42
562,4.833333373069763,8
563,29.000000178813934,34
564,7.500000059604645,13
565,9.333333492279053,16
566,12.833333492279053,20
567,19.50000011920929,13
568,22.66666680574417,22
569,6.500000059604645,11
570,12.833333492279053,22
571,11.833333492279053,19
572,6.833333432674408,12
573,35.166667103767395,62
574,14.16666692495346,24
575,28.500000476837158,49
576,47.5000005364418,85
577,58.50000089406967,100
578,55.00000065565109,77
579,25.500000178813934,27
580,14.666666805744171,26
581,9.833333492279053,16
582,58.00000083446503,100
583,38.16666716337204,67
584,36.0000005364418,41
585,33.00000041723251,36
586,57.166667461395264,100
587,8.00000011920929,13
588,58.00000071525574,99
589,45.83333384990692,81
590,59.16666752099991,100
591,18.66666692495346,27
592,67.66666752099991,99
593,58.000000953674316,100
594,52.166667222976685,91
595,25.50000023841858,46
596,28.333333671092987,31
597,57.16666752099991,100
598,42.00000047683716,73
599,48.33333384990692,86
600,16.500000298023224,27
601,40.0000005364418,68
602,24.000000178813934,22
603,34.16666728258133,57
604,25.000000298023224,23
605,8.333333492279053,12
606,25.500000178813934,47
607,57.66666740179062,100
608,21.666666984558105,37
609,35.500000178813934,67
610,60.500000953674316,100
611,42.50000059604645,49
612,15.500000298023224,22
613,24.16666692495346,23
614,56.8333340883255,100
615,58.00000113248825,96
616,15.333333551883698,26
617,23.000000178813934,22
618,61.166667461395264,100
