Episode,Reward,Length
1,2.457142934203148,15
2,1.9000000357627869,9
3,0.9595238268375397,5
4,0.533333346247673,3
5,2.064285770058632,12
6,1.671428620815277,10
7,1.2000000178813934,5
8,0.6761904954910278,4
9,1.2595238387584686,6
10,1.6500000208616257,7
11,0.6761904954910278,4
12,1.6047619581222534,10
13,2.102381020784378,13
14,0.36666667461395264,2
15,0.6166666746139526,3
16,0.36666667461395264,2
17,0.5095238238573074,3
18,1.409523829817772,7
19,0.795238122344017,5
20,2.116666704416275,8
21,1.7833333611488342,7
22,1.1047619432210922,7
23,1.4452381283044815,8
24,1.4666666835546494,7
25,1.1285714656114578,7
26,0.8166666775941849,4
27,0.795238122344017,5
28,0.6166666746139526,3
29,1.552380993962288,9
30,1.7238095849752426,11
31,3.502381056547165,20
32,0.7595238238573074,4
33,1.2000000178813934,5
34,0.6761904954910278,4
35,1.1285714656114578,7
36,0.36666667461395264,2
37,0.9619047939777374,6
38,8.169047877192497,50
39,1.045238122344017,6
40,3.742857187986374,17
41,0.8428571671247482,5
42,0.6761904954910278,4
43,0.5095238238573074,3
44,0.5095238238573074,3
45,1.2714286148548126,8
46,1.7809524238109589,10
47,1.6619048118591309,10
48,5.166666731238365,18
49,2.1380953043699265,13
50,1.2952381372451782,8
51,0.9380952715873718,6
52,1.5571429133415222,10
53,2.1976191103458405,12
54,1.4714286178350449,9
55,2.392857179045677,11
56,1.2095238417387009,7
57,2.5404762625694275,14
58,1.1023809760808945,6
59,0.36666667461395264,2
60,1.247619092464447,8
61,1.350000023841858,7
62,1.1047619432210922,7
63,4.38571435213089,20
64,0.36666667461395264,2
65,4.15714293718338,20
66,0.8190476447343826,5
67,1.12619049847126,6
68,0.36666667461395264,2
69,1.2095238417387009,7
70,0.6761904954910278,4
71,1.159523829817772,6
72,0.533333346247673,3
73,1.5928571671247482,7
74,0.6166666746139526,3
75,0.7595238238573074,4
76,1.3523809909820557,8
77,1.1500000208616257,5
78,2.369047671556473,13
79,1.1619047969579697,7
80,0.6761904954910278,4
81,3.847619131207466,20
82,0.6523809731006622,4
83,3.8690477311611176,22
84,0.533333346247673,3
85,3.295238181948662,17
86,2.647619128227234,16
87,1.9761905074119568,10
88,2.461904853582382,16
89,0.8166666775941849,4
90,2.5095238983631134,16
91,0.8190476447343826,5
92,0.5095238238573074,3
93,2.133333370089531,10
94,1.1523809880018234,7
95,0.5095238238573074,3
96,0.795238122344017,5
97,0.6761904954910278,4
98,2.7714286744594574,18
99,0.533333346247673,3
100,1.1023809760808945,6
101,1.6761905401945114,11
102,1.7714286297559738,11
103,0.36666667461395264,2
104,3.759523883461952,19
105,2.0214286148548126,9
106,0.533333346247673,3
107,0.36666667461395264,2
108,0.5095238238573074,3
109,0.9500000178813934,4
110,2.569047674536705,12
111,0.36666667461395264,2
112,2.176190510392189,8
113,1.0190476477146149,6
114,0.7595238238573074,4
115,2.416666701436043,12
116,1.9357143342494965,11
117,0.6761904954910278,4
118,0.783333346247673,4
119,1.2238095700740814,8
120,0.6523809731006622,4
121,1.4023809880018234,7
122,0.36666667461395264,2
123,3.1571429520845413,19
124,2.0285714864730835,12
125,0.36666667461395264,2
126,1.0690476447343826,6
127,1.485714316368103,7
128,0.5095238238573074,3
129,1.0809524208307266,7
130,0.9261904954910278,5
131,1.4619048088788986,9
132,1.5428571701049805,7
133,2.4476191103458405,12
134,0.9500000178813934,4
135,2.2000000178813934,9
136,1.1880952715873718,7
137,0.36666667461395264,2
138,2.090476244688034,12
139,0.36666667461395264,2
140,0.9619047939777374,6
141,2.5309524536132812,15
142,1.5500000268220901,8
143,0.6166666746139526,3
144,0.8428571671247482,5
145,0.6166666746139526,3
146,0.9500000178813934,5
147,2.2523810118436813,13
148,0.6523809731006622,4
149,2.1976191103458405,13
150,0.6523809731006622,4
151,0.985714316368103,6
152,0.36666667461395264,2
153,0.6523809731006622,4
154,3.8095239251852036,23
155,0.9500000178813934,4
156,1.57857146859169,8
157,0.533333346247673,3
158,0.6523809731006622,4
159,0.6523809731006622,4
160,1.100000023841858,6
161,0.533333346247673,3
162,0.36666667461395264,2
163,0.985714316368103,6
164,1.2928571701049805,7
165,1.4142857640981674,9
166,1.3428571820259094,8
167,0.9619047939777374,6
168,0.36666667461395264,2
169,1.6023809909820557,8
170,0.5095238238573074,3
171,1.388095274567604,8
172,0.36666667461395264,2
173,0.5095238238573074,3
174,0.36666667461395264,2
175,1.2000000178813934,5
176,0.5095238238573074,3
177,2.0571429282426834,13
178,1.4928571730852127,8
179,0.6761904954910278,4
180,0.6166666746139526,3
181,1.8119048029184341,10
182,1.1285714656114578,7
183,0.795238122344017,5
184,2.7928571701049805,12
185,5.242857217788696,24
186,2.504761978983879,15
187,0.985714316368103,6
188,0.8166666775941849,4
189,3.4833333790302277,16
190,3.521428644657135,15
191,1.4142857640981674,9
192,2.2166667133569717,11
193,0.9833333492279053,5
194,0.6523809731006622,4
195,0.6761904954910278,4
196,0.5095238238573074,3
197,1.2000000178813934,5
198,0.533333346247673,3
199,0.9380952715873718,6
200,1.6500000357627869,8
201,0.9595238268375397,5
202,3.9047619998455048,22
203,0.8190476447343826,5
204,0.36666667461395264,2
205,1.350000023841858,7
206,0.36666667461395264,2
207,1.7238095849752426,11
208,0.6761904954910278,4
209,0.36666667461395264,2
210,2.1047619581222534,11
211,0.533333346247673,3
212,0.8166666775941849,4
213,1.1285714656114578,7
214,2.223809599876404,14
215,3.4238096177577972,20
216,7.950000107288361,28
217,2.400000035762787,9
218,0.36666667461395264,2
219,0.6166666746139526,3
220,1.9857143610715866,13
221,3.347619131207466,18
222,1.2928571701049805,6
223,0.5095238238573074,3
224,0.533333346247673,3
225,1.735714316368103,8
226,0.6166666746139526,3
227,2.019047662615776,9
228,0.9500000178813934,4
229,1.2714286148548126,8
230,3.1428571939468384,15
231,3.0452381670475006,17
232,1.4142857640981674,9
233,1.8547619581222534,10
234,1.659523844718933,8
235,0.533333346247673,3
236,0.5095238238573074,3
237,0.5095238238573074,3
238,0.36666667461395264,2
239,2.5404762625694275,15
240,0.36666667461395264,2
241,12.938095301389694,14
242,1.1166666895151138,5
243,1.3904762417078018,9
244,4.564285844564438,26
245,0.6523809731006622,4
246,1.3833333551883698,7
247,3.3285714834928513,15
248,7.780952498316765,31
249,2.1380952894687653,11
250,1.502380982041359,8
251,0.7595238238573074,4
252,1.3904762417078018,9
253,1.6976190954446793,10
254,0.36666667461395264,2
255,0.7333333492279053,4
256,1.1047619432210922,7
257,2.897619128227234,17
258,3.5071429312229156,19
259,0.5095238238573074,3
260,2.9714286774396896,19
261,0.9000000208616257,5
262,2.0452381372451782,9
263,0.6523809731006622,4
264,2.0071429163217545,12
265,1.6047619581222534,10
266,1.2690476477146149,7
267,1.2952381372451782,8
268,4.780952483415604,21
269,0.795238122344017,5
270,1.4119047969579697,8
271,2.6857143342494965,14
272,2.8547619581222534,11
273,2.957142934203148,15
274,4.192857280373573,26
275,0.6761904954910278,4
276,2.0071429163217545,11
277,0.5095238238573074,3
278,3.2214286774396896,19
279,1.485714316368103,7
280,1.8523809909820557,9
281,1.5571429133415222,10
282,0.5095238238573074,3
283,2.2285714745521545,12
284,1.688095286488533,10
285,0.36666667461395264,2
286,0.8190476447343826,5
287,0.36666667461395264,2
288,4.471428692340851,26
289,13.242857187986374,14
290,2.4333333671092987,10
291,1.1047619432210922,7
292,0.9380952715873718,6
293,0.9261904954910278,5
294,0.5095238238573074,3
295,1.235714316368103,7
296,1.1285714656114578,7
297,2.2928571701049805,10
298,0.9261904954910278,5
299,0.8166666775941849,4
300,0.7595238238573074,4
301,2.202380985021591,11
302,0.8190476447343826,5
303,0.36666667461395264,2
304,2.116666704416275,8
305,1.700000062584877,11
306,0.783333346247673,4
307,1.2690476477146149,7
308,12.04285717010498,9
309,0.36666667461395264,2
310,0.36666667461395264,2
311,0.6166666746139526,3
312,1.0095238387584686,6
313,2.1261905133724213,10
314,1.12619049847126,6
315,2.4333333671092987,10
316,3.616666793823242,23
317,1.8547619581222534,10
318,1.426190510392189,7
319,6.859524041414261,42
320,12.759523838758469,10
321,0.9619047939777374,6
322,0.6166666746139526,3
323,2.2238095849752426,12
324,1.2166666835546494,6
325,1.1500000208616257,5
326,0.9023809731006622,5
327,0.36666667461395264,2
328,0.8190476447343826,5
329,1.8928571790456772,10
330,2.152381032705307,14
331,2.7952381521463394,12
332,2.583333373069763,12
333,3.0166667103767395,12
334,0.36666667461395264,2
335,0.5095238238573074,3
336,1.4142857640981674,9
337,4.400000065565109,15
338,2.152381032705307,14
339,1.5523809790611267,8
340,3.280952498316765,21
341,5.045238181948662,17
342,3.0023810416460037,18
343,0.36666667461395264,2
344,0.36666667461395264,2
345,0.36666667461395264,2
346,13.961904838681221,20
347,1.1285714656114578,7
348,13.58095246553421,18
349,0.8190476447343826,5
350,0.6761904954910278,4
351,16.538095355033875,30
352,0.5095238238573074,3
353,1.6523810178041458,11
354,2.661904811859131,12
355,1.7595238387584686,8
356,0.9380952715873718,6
357,2.0547619611024857,11
358,2.347619116306305,14
359,1.2595238387584686,7
360,6.269047752022743,34
361,1.100000023841858,6
362,0.7333333492279053,4
363,2.6261905133724213,9
364,3.83095246553421,16
365,0.6166666746139526,3
366,2.350000023841858,10
367,0.36666667461395264,2
368,7.404762074351311,39
369,1.2452381253242493,7
370,0.9619047939777374,6
371,0.9595238268375397,5
372,1.2119047939777374,7
373,2.650000035762787,10
374,2.495238184928894,16
375,3.200000047683716,10
376,2.473809599876404,14
377,3.597619116306305,17
378,1.1285714656114578,7
379,3.750000074505806,20
380,1.0690476447343826,6
381,2.1761905550956726,14
382,0.6761904954910278,4
383,2.080952435731888,11
384,0.9380952715873718,6
385,0.5095238238573074,3
386,0.533333346247673,3
387,1.0166666805744171,5
388,0.36666667461395264,2
389,1.066666692495346,6
390,0.5095238238573074,3
391,0.9000000208616257,5
392,3.035714343190193,16
393,2.111904814839363,12
394,1.1285714656114578,7
395,4.87857149541378,23
396,0.985714316368103,6
397,0.9595238268375397,5
398,2.3166667073965073,10
399,1.3785714656114578,8
400,0.8190476447343826,5
401,0.795238122344017,5
402,0.6761904954910278,4
403,1.235714316368103,7
404,0.8190476447343826,5
405,0.5095238238573074,3
406,0.533333346247673,3
407,1.5809524357318878,10
408,0.783333346247673,4
409,0.9023809731006622,5
410,2.185714364051819,14
411,1.0928571671247482,5
412,16.52619056403637,24
413,0.6523809731006622,4
414,5.926190599799156,27
415,1.176190510392189,7
416,0.8190476447343826,5
417,1.2119047939777374,7
418,2.576190561056137,16
419,1.1047619432210922,7
420,0.9380952715873718,6
421,0.9000000208616257,5
422,2.1857143342494965,11
423,4.266666814684868,27
424,1.4666666835546494,7
425,1.1285714656114578,7
426,1.6047619581222534,10
427,2.400000035762787,9
428,2.8214286416769028,15
429,3.342857211828232,17
430,1.9809524416923523,12
431,1.3023809790611267,7
432,3.450000047683716,11
433,0.5095238238573074,3
434,1.1047619432210922,7
435,3.766666755080223,19
436,5.53571443259716,32
437,3.4357143938541412,21
438,3.7119048088788986,12
439,4.12857149541378,15
440,1.8261905163526535,10
441,0.36666667461395264,2
442,4.483333483338356,28
443,0.8761904984712601,5
444,2.1357143223285675,11
445,4.171428635716438,18
446,2.0571429282426834,13
447,0.6523809731006622,4
448,0.533333346247673,3
449,3.52142870426178,23
450,1.1500000208616257,5
451,3.928571492433548,20
452,1.2166666835546494,6
453,4.366666719317436,18
454,3.0071429163217545,15
455,1.247619092464447,8
456,4.333333447575569,25
457,0.533333346247673,3
458,1.2714286148548126,8
459,0.5095238238573074,3
460,0.36666667461395264,2
461,1.8190476894378662,12
462,1.5571429133415222,10
463,13.950000062584877,14
464,2.938095301389694,16
465,3.995238244533539,26
466,4.011904880404472,24
467,1.9595238417387009,8
468,1.8761905431747437,12
469,3.671428680419922,21
470,2.564285784959793,14
471,5.450000122189522,24
472,11.735714316368103,8
473,11.450000017881393,6
474,1.890476256608963,12
475,4.473809689283371,28
476,4.604761987924576,21
477,1.485714316368103,7
478,1.840476244688034,11
479,1.8666667342185974,12
480,1.1523809880018234,7
481,3.378571555018425,22
482,16.22857156395912,29
483,3.9357144236564636,25
484,12.22142893075943,69
485,2.923809602856636,15
486,3.4023809880018234,16
487,13.25952385365963,11
488,3.259523928165436,21
489,0.6523809731006622,4
490,3.0309524834156036,18
491,7.811904966831207,43
492,5.378571555018425,29
493,12.640476256608963,13
494,0.5095238238573074,3
495,3.1857143491506577,16
496,11.592857167124748,7
497,2.5261905193328857,12
498,2.6500000804662704,16
499,2.7738095968961716,16
500,0.8761904984712601,5
501,2.4619048088788986,10
502,1.4595238417387009,8
503,1.5880952775478363,9
504,1.6523809880018234,8
505,1.5214286148548126,9
506,7.14761920273304,32
507,0.9833333492279053,5
508,0.9500000178813934,4
509,6.635714486241341,38
510,1.6642857640981674,10
511,1.552380993962288,9
512,5.328571602702141,33
513,2.8404762893915176,18
514,1.1166666895151138,5
515,3.5571429282426834,18
516,2.814285784959793,15
517,4.323809668421745,27
518,7.647619307041168,48
519,2.771428644657135,14
520,1.7166666835546494,8
521,6.0857144594192505,33
522,2.3904762864112854,16
523,13.104761958122253,13
524,1.9000000208616257,7
525,3.845238208770752,23
526,1.2690476477146149,7
527,0.36666667461395264,2
528,1.5428571701049805,7
529,1.8857143223285675,10
530,13.664285823702812,21
531,1.316666692495346,6
532,2.221428617835045,11
533,1.3190476596355438,8
534,11.450000017881393,6
535,0.5095238238573074,3
536,1.235714316368103,7
537,1.426190510392189,7
538,1.438095286488533,9
539,14.18571437895298,20
540,1.5500000268220901,8
541,0.783333346247673,4
542,4.138095334172249,22
543,1.8666667342185974,12
544,4.038095340132713,23
545,14.630952447652817,20
546,2.633333370089531,11
547,15.954762056469917,31
548,1.235714316368103,7
549,1.82857146859169,9
550,0.6523809731006622,4
551,1.4357143193483353,8
552,0.7000000178813934,4
553,4.776190549135208,23
554,3.2285714894533157,17
555,3.2166667580604553,19
556,19.521428778767586,46
557,0.8190476447343826,5
558,13.861904829740524,16
559,2.5690477043390274,16
560,11.89285732805729,42
561,13.028571471571922,13
562,0.36666667461395264,2
563,1.700000062584877,11
564,7.945238336920738,47
565,0.6166666746139526,3
566,1.5690476596355438,8
567,0.783333346247673,4
568,13.164285764098167,13
569,1.1047619432210922,7
570,1.4000000208616257,6
571,13.159523844718933,12
572,2.00238099694252,11
573,1.6523809880018234,8
574,4.780952498316765,26
575,7.011904984712601,42
576,3.7238096743822098,25
577,0.5095238238573074,3
578,3.40714293718338,18
579,12.330952435731888,12
580,1.8857143223285675,10
581,3.6880953758955,24
582,4.428571507334709,20
583,2.6119048446416855,16
584,2.5190477073192596,16
585,2.1095238476991653,10
586,0.6166666746139526,3
587,0.9595238268375397,5
588,1.0690476447343826,6
589,3.3857143819332123,19
590,3.283333420753479,19
591,1.4000000208616257,6
592,2.5880953073501587,15
593,1.0166666805744171,5
594,15.757142946124077,23
595,3.426190599799156,21
596,14.87619061768055,27
597,3.6976191252470016,16
598,1.2666666954755783,7
599,2.604762002825737,17
600,12.200000032782555,9
601,2.1642857789993286,12
602,15.547619178891182,28
603,6.73333340883255,25
604,0.6761904954910278,4
605,1.0809524208307266,7
606,15.878571540117264,29
607,13.51666671037674,13
608,20.4738097935915,54
609,2.9000000804662704,15
610,3.807142972946167,21
611,18.871428713202477,35
612,2.414285808801651,16
613,5.1333334892988205,30
614,1.7214286178350449,10
615,15.13571435213089,19
616,0.8190476447343826,5
617,0.5095238238573074,3
618,0.985714316368103,6
619,2.25238099694252,11
620,13.402381047606468,18
621,6.669047802686691,35
622,2.969047710299492,17
623,5.852381035685539,24
624,12.902381032705307,16
625,15.819047719240189,20
626,11.940476506948471,69
627,13.666666716337204,14
628,2.1857143342494965,10
629,11.723809897899628,72
630,2.642857179045677,12
631,11.950000017881393,7
632,20.250000193715096,44
633,2.271428659558296,15
634,0.6166666746139526,3
635,3.7095239460468292,24
636,12.492857173085213,11
637,0.9023809731006622,5
638,6.764285892248154,34
639,16.77619059383869,31
640,20.671428695321083,34
641,1.676190510392189,7
642,1.2238095700740814,8
643,2.671428620815277,12
644,14.947619140148163,20
645,3.0857143700122833,18
646,12.985714331269264,12
647,2.1476191133260727,13
648,5.285714402794838,29
649,13.069047659635544,11
650,6.4071429669857025,30
651,14.521428719162941,27
652,3.4023810774087906,22
653,1.9952381402254105,10
654,12.973809584975243,14
655,0.795238122344017,5
656,0.9023809731006622,5
657,16.266666740179062,21
658,3.485714331269264,16
659,13.521428659558296,18
660,2.7571429163217545,14
661,13.721428647637367,17
662,4.514285862445831,27
663,2.73333340883255,15
664,1.850000023841858,7
665,0.7595238238573074,4
666,14.426190569996834,21
667,3.921428680419922,21
668,1.8761905431747437,12
669,16.276190608739853,28
670,5.247619181871414,28
671,12.997619107365608,14
672,7.790476351976395,31
673,14.06666673719883,18
674,1.045238122344017,6
675,1.5428571701049805,7
676,1.1857143193483353,7
677,1.5333333909511566,10
678,1.0809524208307266,7
679,12.49523814022541,12
680,15.169047683477402,19
681,0.6523809731006622,4
682,12.711904808878899,12
683,12.519047662615776,11
684,1.1023809760808945,6
685,11.450000017881393,6
686,12.211904808878899,11
687,1.6642857640981674,9
688,14.97142869234085,25
689,4.33333346247673,26
690,2.9952381998300552,19
691,1.438095286488533,9
692,12.69761911034584,14
693,16.70238110423088,32
694,0.6166666746139526,3
695,13.340476274490356,17
696,1.2238095700740814,8
697,4.545238167047501,16
698,3.3857143819332123,19
699,2.9095238596200943,13
700,3.707142934203148,17
701,19.911904871463776,33
702,3.38809534907341,21
703,15.59285719692707,17
704,5.945238262414932,31
705,14.300000116229057,24
706,2.4380953311920166,16
707,17.150000125169754,28
708,14.24047626554966,19
709,8.135714516043663,42
710,1.409523829817772,7
711,1.8785714656114578,9
712,16.126190558075905,26
713,2.173809587955475,13
714,1.9261905401945114,12
715,13.807142972946167,22
716,0.5095238238573074,3
717,0.9833333492279053,5
718,12.235714316368103,9
719,2.5547619611024857,13
720,12.102380990982056,10
721,2.2571429163217545,12
722,2.2785714715719223,11
723,17.964285880327225,37
724,4.076190605759621,24
725,6.10000005364418,17
726,3.7238096743822098,25
727,4.042857274413109,23
728,13.55000002682209,12
729,15.873809605836868,21
730,14.616666793823242,25
731,2.2357143610715866,14
732,3.8261905312538147,18
733,1.2428571730852127,7
734,8.407143160700798,54
735,13.159523859620094,13
736,14.030952498316765,23
737,12.909523844718933,12
738,11.992857173085213,9
739,2.7000001072883606,18
740,15.13809534907341,23
741,12.069047659635544,10
742,16.521428763866425,38
743,3.62857149541378,13
744,0.5095238238573074,3
745,12.450000047683716,9
746,1.861904799938202,10
747,13.933333411812782,20
748,2.9261905550956726,15
749,0.9619047939777374,6
750,15.473809644579887,26
751,1.1023809760808945,6
752,11.926190510392189,8
753,14.664285823702812,23
754,4.1452381908893585,21
755,1.0690476447343826,6
756,0.795238122344017,5
757,14.769047662615776,15
758,0.6166666746139526,3
759,13.4595238417387,12
760,13.866666704416275,12
761,14.164285823702812,21
762,6.088095441460609,37
763,1.8000000268220901,8
764,14.485714346170425,15
765,6.03095255792141,35
766,1.57857146859169,8
767,13.10238103568554,17
768,13.019047662615776,12
769,13.492857173085213,15
770,1.2714286148548126,8
771,12.102380990982056,10
772,18.95238108932972,34
773,11.950000017881393,7
774,4.664285883307457,30
775,11.950000017881393,7
776,2.4095238596200943,10
777,12.628571480512619,12
778,4.716666802763939,26
779,0.36666667461395264,2
780,14.533333390951157,15
781,12.878571465611458,11
782,16.090476348996162,30
783,6.173809751868248,39
784,16.016666740179062,19
785,14.083333417773247,21
786,17.53333355486393,38
787,12.221428617835045,11
788,13.60238103568554,18
789,6.290476322174072,27
790,3.5333334505558014,21
791,14.976190581917763,24
792,12.302380993962288,11
793,14.140476271510124,17
794,2.5928571820259094,9
795,12.802380993962288,12
796,18.41904780268669,43
797,0.6523809731006622,4
798,17.35952390730381,24
799,3.3904763013124466,20
800,14.983333423733711,21
801,15.366666719317436,23
802,1.6738095730543137,10
803,15.469047710299492,23
804,13.188095301389694,14
805,13.445238143205643,14
806,1.1047619432210922,7
807,1.0928571671247482,6
808,2.950000077486038,15
809,13.926190599799156,23
810,1.5809524357318878,10
811,4.354762047529221,25
812,18.257142961025238,37
813,17.945238202810287,27
814,7.2380954176187515,40
815,3.04047629237175,19
816,13.328571498394012,16
817,2.069047659635544,9
818,5.683333545923233,37
819,12.91190481185913,13
820,3.540476307272911,22
821,12.640476256608963,14
822,12.400000020861626,9
823,12.211904808878899,10
824,11.592857167124748,7
825,2.6023810356855392,16
826,13.926190540194511,14
827,0.5095238238573074,3
828,1.676190510392189,7
829,22.742857456207275,60
